1|[1,2]
1|[1,13]
1|[1,22]
1|[1,275]
1|[1,6230]
1|[1,20890]
1|[1,35539]
1|[1,35592]
1|[1,35709]
1|[1,73497]
1|[1,73519]
1|[1,73542]
1|[1,73604]
1|[1,74011]
1|[1,122591]
1|[1,122664]
1|[1,122678]
1|[1,122716]
1|[1,148787]
1|[1,150072]
1|[1,150086]
2|[6157,6269]
2|[6157,20845]
2|[6157,20852]
2|[6157,20915]
2|[6157,21284]
2|[6157,21336]
2|[6157,35539]
2|[6157,35594]
2|[6157,36320]
2|[6157,73545]
2|[6157,96814]
2|[6157,122660]
2|[6157,149047]
2|[6157,149161]
3|[20845,21175]
3|[20845,35615]
3|[20845,35689]
3|[20845,37239]
3|[20845,73580]
3|[20845,96804]
3|[20845,122709]
3|[20845,148989]
3|[20845,148999]
4|[35533,35534]
4|[35533,35623]
4|[35533,37926]
4|[35533,41801]
4|[35533,52948]
4|[35533,73499]
4|[35533,73550]
4|[35533,73837]
4|[35533,75795]
4|[35533,96789]
4|[35533,122662]
4|[35533,122724]
4|[35533,123457]
4|[35533,126029]
4|[35533,148791]
4|[35533,148913]
4|[35533,149067]
4|[35533,151493]
4|[35533,152918]
4|[35533,152920]
5|[73495,73496]
5|[73495,74226]
5|[73495,74403]
5|[73495,96763]
5|[73495,98115]
5|[73495,122619]
5|[73495,122734]
5|[73495,122746]
5|[73495,122781]
5|[73495,148921]
5|[73495,149698]
5|[73495,149726]
5|[73495,149731]
6|[96751,96755]
6|[96751,96794]
6|[96751,101780]
6|[96751,122674]
6|[96751,148893]
6|[96751,149251]
6|[96751,150496]
7|[122591,122592]
7|[122591,123030]
7|[122591,125147]
7|[122591,148874]
7|[122591,149352]
7|[122591,149649]
7|[122591,150446]
8|[148754,148760]
8|[148754,149214]
8|[148754,149379]
8|[148754,149895]
8|[148754,151443]
8|[148754,164329]
