1|[1,2]
1|[1,13]
1|[1,22]
1|[1,275]
1|[1,6166]
1|[1,20847]
1|[1,35542]
1|[1,35592]
1|[1,36058]
1|[1,52976]
1|[1,52978]
1|[1,52980]
1|[1,53022]
1|[1,53308]
1|[1,102071]
1|[1,102211]
1|[1,102216]
1|[1,102236]
1|[1,128273]
1|[1,128943]
1|[1,129298]
6157|[6157,6333]
6157|[6157,20845]
6157|[6157,20853]
6157|[6157,20859]
6157|[6157,21263]
6157|[6157,21341]
6157|[6157,35545]
6157|[6157,35589]
6157|[6157,36384]
6157|[6157,53036]
6157|[6157,76322]
6157|[6157,102218]
6157|[6157,128235]
6157|[6157,128550]
20845|[20845,20958]
20845|[20845,35632]
20845|[20845,35651]
20845|[20845,36183]
20845|[20845,53098]
20845|[20845,76362]
20845|[20845,102236]
20845|[20845,128636]
20845|[20845,128637]
35533|[35533,35534]
35533|[35533,35617]
35533|[35533,38013]
35533|[35533,38572]
35533|[35533,52958]
35533|[35533,52986]
35533|[35533,53006]
35533|[35533,53199]
35533|[35533,53654]
35533|[35533,76387]
35533|[35533,102231]
35533|[35533,102264]
35533|[35533,103196]
35533|[35533,103201]
35533|[35533,128279]
35533|[35533,128351]
35533|[35533,128701]
35533|[35533,129341]
35533|[35533,129652]
35533|[35533,144188]
52975|[52975,52988]
52975|[52975,53640]
52975|[52975,53773]
52975|[52975,76250]
52975|[52975,82266]
52975|[52975,102168]
52975|[52975,102285]
52975|[52975,102300]
52975|[52975,102316]
52975|[52975,128250]
52975|[52975,129978]
52975|[52975,130160]
52975|[52975,130190]
76231|[76231,76236]
76231|[76231,76336]
76231|[76231,81176]
76231|[76231,102232]
76231|[76231,128242]
76231|[76231,128641]
76231|[76231,129476]
102071|[102071,102072]
102071|[102071,102574]
102071|[102071,102913]
102071|[102071,128434]
102071|[102071,129165]
102071|[102071,129233]
102071|[102071,129298]
128234|[128234,128253]
128234|[128234,128635]
128234|[128234,128668]
128234|[128234,132689]
128234|[128234,132708]
128234|[128234,140322]
