1|[1,2]
1|[1,3]
1|[1,276]
1|[1,277]
1|[1,811]
1|[1,2301]
1|[1,2302]
1|[1,2464]
1|[1,4326]
1|[1,4328]
1|[1,4438]
1|[1,4490]
1|[1,19726]
1|[1,19728]
1|[1,20371]
1|[1,20482]
1|[1,42001]
1|[1,42009]
1|[1,64276]
1|[1,64278]
1|[1,64281]
1|[1,65917]
1|[1,86551]
1|[1,86553]
1|[1,86557]
1|[1,89694]
276|[276,277]
276|[276,281]
276|[276,1001]
276|[276,2301]
276|[276,2303]
276|[276,2306]
276|[276,2693]
276|[276,4326]
276|[276,4327]
276|[276,4329]
276|[276,4438]
276|[276,4669]
276|[276,19726]
276|[276,19731]
276|[276,19738]
276|[276,19888]
276|[276,20686]
276|[276,42001]
276|[276,42061]
276|[276,64276]
276|[276,64291]
276|[276,64316]
276|[276,64845]
276|[276,64858]
276|[276,86551]
276|[276,86553]
276|[276,86635]
276|[276,87181]
276|[276,87601]
2301|[2301,2302]
2301|[2301,2315]
2301|[2301,2732]
2301|[2301,4326]
2301|[2301,4329]
2301|[2301,4351]
2301|[2301,4663]
2301|[2301,4664]
2301|[2301,19726]
2301|[2301,19727]
2301|[2301,19728]
2301|[2301,19894]
2301|[2301,20210]
2301|[2301,42003]
2301|[2301,42054]
2301|[2301,64280]
2301|[2301,64283]
2301|[2301,64286]
2301|[2301,66482]
2301|[2301,66745]
2301|[2301,86551]
2301|[2301,86554]
2301|[2301,86555]
2301|[2301,87664]
2301|[2301,87665]
4326|[4326,4327]
4326|[4326,4329]
4326|[4326,4682]
4326|[4326,13234]
4326|[4326,19806]
4326|[4326,19889]
4326|[4326,19897]
4326|[4326,20268]
4326|[4326,42011]
4326|[4326,64323]
4326|[4326,64394]
4326|[4326,64410]
4326|[4326,65945]
4326|[4326,86551]
4326|[4326,87734]
4326|[4326,87756]
4326|[4326,89195]
19726|[19726,19727]
19726|[19726,19728]
19726|[19726,20054]
19726|[19726,20114]
19726|[19726,38085]
19726|[19726,42024]
19726|[19726,42800]
19726|[19726,64339]
19726|[19726,64356]
19726|[19726,64412]
19726|[19726,64885]
19726|[19726,67789]
19726|[19726,86552]
19726|[19726,86570]
19726|[19726,86639]
19726|[19726,86754]
19726|[19726,87162]
42001|[42001,42156]
42001|[42001,64323]
42001|[42001,66933]
42001|[42001,86596]
42001|[42001,97928]
64276|[64276,64277]
64276|[64276,64410]
64276|[64276,65923]
64276|[64276,67058]
64276|[64276,86593]
64276|[64276,86779]
64276|[64276,87120]
64276|[64276,87122]
64276|[64276,87163]
64276|[64276,87444]
86551|[86551,86552]
86551|[86551,86675]
86551|[86551,88705]
86551|[86551,92752]
