1|[1,2]
1|[1,3]
1|[1,276]
1|[1,278]
1|[1,911]
1|[1,2301]
1|[1,2303]
1|[1,2306]
1|[1,4326]
1|[1,4333]
1|[1,4378]
1|[1,4438]
1|[1,19726]
1|[1,19728]
1|[1,20368]
1|[1,20507]
1|[1,42001]
1|[1,42023]
1|[1,64276]
1|[1,64278]
1|[1,64281]
1|[1,69641]
1|[1,86551]
1|[1,86553]
1|[1,86555]
1|[1,90212]
2|[276,277]
2|[276,279]
2|[276,917]
2|[276,2301]
2|[276,2304]
2|[276,2350]
2|[276,2486]
2|[276,4326]
2|[276,4327]
2|[276,4438]
2|[276,4440]
2|[276,4552]
2|[276,19726]
2|[276,19727]
2|[276,19893]
2|[276,19896]
2|[276,20211]
2|[276,42001]
2|[276,42043]
2|[276,64276]
2|[276,64281]
2|[276,64302]
2|[276,64304]
2|[276,64870]
2|[276,86551]
2|[276,86553]
2|[276,86572]
2|[276,86786]
2|[276,87121]
3|[2301,2302]
3|[2301,2303]
3|[2301,2838]
3|[2301,4326]
3|[2301,4340]
3|[2301,4346]
3|[2301,5434]
3|[2301,5448]
3|[2301,19726]
3|[2301,19727]
3|[2301,19888]
3|[2301,19895]
3|[2301,20210]
3|[2301,42007]
3|[2301,42016]
3|[2301,64279]
3|[2301,64283]
3|[2301,64284]
3|[2301,66458]
3|[2301,66481]
3|[2301,86551]
3|[2301,86558]
3|[2301,86561]
3|[2301,87667]
3|[2301,87668]
4|[4326,4327]
4|[4326,4329]
4|[4326,4584]
4|[4326,15761]
4|[4326,19727]
4|[4326,19734]
4|[4326,19996]
4|[4326,21659]
4|[4326,42136]
4|[4326,64282]
4|[4326,64286]
4|[4326,64304]
4|[4326,65411]
4|[4326,86551]
4|[4326,87680]
4|[4326,87829]
4|[4326,91550]
5|[19726,19727]
5|[19726,19741]
5|[19726,20071]
5|[19726,20080]
5|[19726,39854]
5|[19726,42057]
5|[19726,47311]
5|[19726,64320]
5|[19726,64323]
5|[19726,64367]
5|[19726,64871]
5|[19726,65957]
5|[19726,86552]
5|[19726,86568]
5|[19726,86858]
5|[19726,87170]
5|[19726,87223]
6|[42001,42008]
6|[42001,64408]
6|[42001,68032]
6|[42001,86789]
6|[42001,92056]
7|[64276,64277]
7|[64276,64408]
7|[64276,66012]
7|[64276,67958]
7|[64276,86573]
7|[64276,86581]
7|[64276,86593]
7|[64276,86603]
7|[64276,87099]
7|[64276,87220]
8|[86551,86552]
8|[86551,86782]
8|[86551,88342]
8|[86551,89254]
