1 1 1
2 1 25
2 26 50
2 51 75
2 76 100
2 101 125
2 126 148
3 1 25
3 26 50
3 51 75
3 76 100
3 101 125
3 126 148
4 1 25
4 26 50
4 51 75
4 76 100
4 101 125
4 126 150
4 151 151
5 1 25
5 26 50
5 51 75
5 76 100
5 101 125
5 126 150
5 151 175
5 176 200
5 201 225
5 226 250
5 251 275
5 276 296
6 1 25
6 26 50
6 51 75
6 76 100
6 101 125
6 126 150
6 151 175
6 176 200
6 201 225
6 226 250
6 251 275
6 276 300
6 301 325
6 326 350
6 351 375
6 376 400
6 401 425
6 426 450
6 451 455
7 1 25
7 26 50
7 51 75
7 76 100
7 101 125
7 126 150
7 151 175
7 176 200
7 201 225
7 226 250
7 251 275
7 276 300
7 301 325
7 326 350
7 351 375
7 376 400
7 401 422
8 1 39
9 1 39
10 1 25
10 26 50
10 51 75
10 76 100
10 101 125
10 126 150
10 151 175
10 176 200
10 201 225
10 226 250
10 251 275
10 276 300
10 301 325
10 326 350
10 351 375
10 376 400
10 401 425
10 426 450
10 451 475
10 476 500
10 501 525
10 526 533
11 1 25
11 26 50
11 51 75
11 76 100
11 101 125
11 126 150
11 151 175
11 176 200
11 201 225
11 226 244
12 1 72
