1 1 25
1 26 50
1 51 75
1 76 100
1 101 125
1 126 150
1 151 175
1 176 200
1 201 225
1 226 250
1 251 275
1 276 300
1 301 325
1 326 350
1 351 375
1 376 381
2 1 1
3 1 1
4 1 25
4 26 50
4 51 75
4 76 80
5 1 25
5 26 50
5 51 75
5 76 100
5 101 125
5 126 150
5 151 160
6 1 25
6 26 50
6 51 75
6 76 100
6 101 125
6 126 150
6 151 175
6 176 200
6 201 225
6 226 236
7 1 25
7 26 50
7 51 75
7 76 100
7 101 125
7 126 150
7 151 152
8 1 25
8 26 50
8 51 75
8 76 100
8 101 125
8 126 150
8 151 168
9 1 25
9 26 50
9 51 75
9 76 100
9 101 125
9 126 150
9 151 175
9 176 189
10 1 25
10 26 50
10 51 75
10 76 100
10 101 125
10 126 150
10 151 175
10 176 189
11 1 1
12 1 25
12 26 30
